       0/9        0G   0.03593   0.01158   0.02009    0.0676        21       320    0.9007    0.7721     0.853    0.7691   0.03192  0.006384    0.0088
       1/9        0G   0.02023  0.008828   0.01054    0.0396        23       320    0.9631    0.9485    0.9829    0.8714   0.01175  0.008168  0.002795
       2/9        0G   0.01708  0.008003  0.008253   0.03333        20       320    0.9655    0.9684    0.9903     0.914  0.006991  0.006073  0.001264
       3/9        0G   0.01667  0.007764  0.007984   0.03242        37       320    0.9003    0.9594    0.9504    0.8837  0.006187  0.007065  0.002789
       4/9        0G   0.01554  0.007337  0.007365   0.03024        21       320     0.926    0.9703    0.9627    0.9033  0.006803  0.007308   0.00243
       5/9        0G   0.01438  0.006808   0.00747   0.02866        19       320    0.9033    0.9746    0.9634     0.907  0.006858  0.009376  0.002649
       6/9        0G   0.01243  0.006507  0.007022   0.02595        34       320    0.8781    0.9726    0.9601    0.9212  0.006823   0.01028  0.004711
       7/9        0G   0.01165  0.006125  0.006633   0.02441        23       320    0.8877    0.9598    0.9233    0.8755  0.006029  0.009535  0.003306
       8/9        0G   0.01075  0.005784  0.006403   0.02293        17       320    0.8652    0.9549    0.9325    0.8944  0.005662   0.01091  0.004845
       9/9        0G   0.01032  0.005755  0.006421   0.02249        31       320    0.8912    0.9774    0.9557    0.9148  0.005506   0.01026  0.003352
